<<<<<<< HEAD
"Model"	"AUC"	"Accuracy"	"Sensitivity"	"Specificity"
"glm"	0.6316	0.6122	0.5	0.6667
"knn"	0.5573	0.5714	0.5312	0.5909
"svmRadial"	0.6009	0.5918	0.375	0.697
"rpart"	0.5881	0.6837	0.3125	0.8636
"rf"	0.612	0.6633	0.4062	0.7879
"gbm"	0.6259	0.6327	0.4062	0.7424
=======
Model	AUC	Accuracy	Sensitivity	Specificity
glm	0.6316	0.6122	0.5	0.6667
gbm	0.6259	0.6327	0.4062	0.7424
rf	0.612	0.6633	0.4062	0.7879
svmRadial	0.6009	0.5918	0.375	0.697
rpart	0.5881	0.6837	0.3125	0.8636
knn	0.5573	0.5714	0.5312	0.5909
>>>>>>> 83137e0611b6c9a04f32d728cfcd1fe58e24fc62
